# Gauss-type quadrature rules for SO(3) with respect to the Haar measure.
#
# Data from: Manuel Gräf, "Efficient Algorithms for the Computation of Optimal
# Quadrature Points on Riemannian Manifolds", PhD thesis, TU Chemnitz, 2013.
# https://www-user.tu-chemnitz.de/~potts/workgroup/graef/quadrature/
#
# Each entry is a NTuple{10, Float64}: 9 rotation matrix entries (row-major)
# followed by the quadrature weight. The degree N means the rule is exact for
# all Wigner-D functions up to degree N.
#
# Available degrees: 1, 2, 3, 4, 5, 6, 7, 8, 9, 11, 14

const _SO3_QUAD_DATA = Dict{Int, Vector{NTuple{10, Float64}}}()

_SO3_QUAD_DATA[1] = NTuple{10, Float64}[
  (1.0, 0.0, 0.0, 0.0, 1.0, 0.0, 0.0, 0.0, 1.0, 0.25),
  (1.0, 0.0, 0.0, 0.0, -1.0, 0.0, 0.0, 0.0, -1.0, 0.25),
  (-1.0, 0.0, 0.0, 0.0, 1.0, 0.0, 0.0, 0.0, -1.0, 0.25),
  (-1.0, 0.0, 0.0, 0.0, -1.0, 0.0, 0.0, 0.0, 1.0, 0.25)
]

_SO3_QUAD_DATA[2] = NTuple{10, Float64}[
  (-1.0, 0.0, 0.0, 0.0, -1.0, 0.0, 0.0, 0.0, 1.0, 0.083333333333),
  (1.0, 0.0, 0.0, 0.0, -1.0, 0.0, 0.0, 0.0, -1.0, 0.083333333333),
  (-1.0, 0.0, 0.0, 0.0, 1.0, 0.0, 0.0, 0.0, -1.0, 0.083333333333),
  (0.40582741956, 0.87101293094, -0.2768403505, -0.2768403505, 0.40582741956, 0.87101293094, 0.87101293094, -0.2768403505, 0.40582741956, 0.099764065304),
  (-0.22400923774, 0.29520771676, -0.92880152098, 0.92880152098, -0.22400923774, -0.29520771676, -0.29520771676, -0.92880152098, -0.22400923774, 0.087735934696),
  (0.40582741956, 0.87101293094, 0.2768403505, -0.2768403505, 0.40582741956, -0.87101293094, -0.87101293094, 0.2768403505, 0.40582741956, 0.099764065304),
  (-0.22400923774, -0.29520771676, 0.92880152098, -0.92880152098, -0.22400923774, -0.29520771676, 0.29520771676, -0.92880152098, -0.22400923774, 0.087735934696),
  (0.40582741956, -0.87101293094, -0.2768403505, 0.2768403505, 0.40582741956, -0.87101293094, 0.87101293094, 0.2768403505, 0.40582741956, 0.099764065304),
  (-0.22400923774, -0.29520771676, -0.92880152098, -0.92880152098, -0.22400923774, 0.29520771676, -0.29520771676, 0.92880152098, -0.22400923774, 0.087735934696),
  (0.40582741956, -0.87101293094, 0.2768403505, 0.2768403505, 0.40582741956, 0.87101293094, -0.87101293094, -0.2768403505, 0.40582741956, 0.099764065304),
  (-0.22400923774, 0.29520771676, 0.92880152098, 0.92880152098, -0.22400923774, 0.29520771676, 0.29520771676, 0.92880152098, -0.22400923774, 0.087735934696)
]

_SO3_QUAD_DATA[3] = NTuple{10, Float64}[
  (1.0, 0.0, 0.0, 0.0, 1.0, 0.0, 0.0, 0.0, 1.0, 0.041666666667),
  (1.0, 0.0, 0.0, 0.0, -1.0, 0.0, 0.0, 0.0, -1.0, 0.041666666666),
  (1.0, 0.0, 0.0, 0.0, 0.0, -1.0, 0.0, 1.0, 0.0, 0.041666666667),
  (1.0, 0.0, 0.0, 0.0, 0.0, 1.0, 0.0, -1.0, 0.0, 0.041666666667),
  (-1.0, 0.0, 0.0, 0.0, -1.0, 0.0, 0.0, 0.0, 1.0, 0.05),
  (-1.0, 0.0, 0.0, 0.0, 1.0, 0.0, 0.0, 0.0, -1.0, 0.027777777778),
  (-1.0, 0.0, 0.0, 0.0, 0.25, 0.96824583655, 0.0, 0.96824583655, -0.25, 0.044444444445),
  (-1.0, 0.0, 0.0, 0.0, 0.25, -0.96824583655, 0.0, -0.96824583655, -0.25, 0.044444444445),
  (2.5633384304e-12, 0.37194238314, -0.92825581799, 0.61792192802, -0.7298313545, -0.29243577904, -0.78623946153, -0.57358962475, -0.2298313545, 0.044444444444),
  (-5.1296727283e-12, -0.5568097863, 0.83064003147, 0.9977602618, 0.055562678156, 0.037245788529, -0.066891404284, 0.82877961526, 0.55556267816, 0.044444444444),
  (8.4345863627e-12, -0.17081931305, 0.985302371, -0.17081931305, 0.97082076229, 0.16830867416, -0.985302371, -0.16830867416, -0.029179237702, 0.044444444444),
  (-2.5510149548e-13, -0.4409504755, -0.89753143575, -0.4409504755, 0.80556267816, -0.39576691337, 0.89753143575, 0.39576691337, -0.19443732184, 0.044444444444),
  (-5.0665027729e-13, 0.88429216976, 0.46693399802, 0.88429216976, 0.21802735851, -0.41290607824, -0.46693399802, 0.41290607824, -0.78197264149, 0.044444444444),
  (-5.6724694386e-12, -0.037769380704, -0.99928648239, -0.84652278905, -0.53197264149, 0.020106623656, -0.53235248437, 0.84591878013, -0.031972641492, 0.044444444444),
  (8.2086559772e-12, -0.98986431116, 0.14201635645, -0.98986431116, 0.020168645492, 0.14057692285, -0.14201635645, -0.14057692285, -0.9798313545, 0.044444444444),
  (2.9535263124e-12, -0.76788722717, -0.64058505006, 0.93870654022, 0.22082076229, -0.26470402773, 0.34471732094, -0.60132137605, 0.72082076229, 0.044444444444),
  (-1.5015211297e-12, 0.71734192994, -0.69672128972, 0.71734192994, 0.48542055555, 0.4997873946, 0.69672128972, -0.4997873946, -0.51457944445, 0.044444444445),
  (-7.0363853633e-12, 0.24470737128, 0.96959697939, -0.96204930122, -0.26457944445, 0.066774692699, 0.27287568967, -0.93280009649, 0.23542055555, 0.044444444445),
  (-7.0821404297e-12, -0.96204930122, -0.27287568967, 0.24470737128, -0.26457944446, 0.93280009649, -0.96959697939, -0.066774692699, 0.23542055555, 0.044444444445),
  (-5.2961263847e-12, 0.9977602618, 0.066891404283, -0.5568097863, 0.055562678156, -0.82877961526, -0.83064003147, -0.037245788529, 0.55556267816, 0.044444444444),
  (2.8598677246e-12, 0.93870654022, -0.34471732094, -0.76788722717, 0.22082076229, 0.60132137605, 0.64058505006, 0.26470402773, 0.72082076229, 0.044444444444),
  (2.6918745011e-12, 0.61792192802, 0.78623946153, 0.37194238314, -0.7298313545, 0.57358962475, 0.92825581799, 0.29243577904, -0.2298313545, 0.044444444444),
  (-5.4717966269e-12, -0.84652278905, 0.53235248437, -0.037769380704, -0.53197264149, -0.84591878014, 0.99928648239, -0.020106623656, -0.031972641492, 0.044444444444)
]

_SO3_QUAD_DATA[4] = NTuple{10, Float64}[
  (0.92997979466, 0.35097222101, -0.10934386857, -0.22247417581, 0.7741309104, 0.59264371646, 0.29264794996, -0.5268204947, 0.7980083607, 0.024083550328),
  (0.39167168158, -0.71652080612, 0.57722718946, 0.66149932546, -0.21677036995, -0.71793401446, 0.63954041018, 0.66302981918, 0.38907521461, 0.023996647032),
  (-0.016609486249, -0.96596068323, 0.25815515378, -0.98423074103, 0.061271158163, 0.16593882484, -0.17610784587, -0.25132807967, -0.95174588152, 0.021951252446),
  (0.54326493499, 0.71942223876, -0.43277575346, 0.63766989767, -0.018273173363, 0.77009297669, 0.54611382697, -0.69433258134, -0.46868107971, 0.023886429396),
  (0.19827512925, 0.28741869923, 0.93705787679, 0.84771968863, 0.42960634304, -0.31114260319, -0.49199420995, 0.85605425141, -0.15847023703, 0.023092152845),
  (-0.85260697302, 0.14560003608, -0.50185852494, 0.48723746404, 0.56857932834, -0.66281007914, 0.18884121159, -0.80964077026, -0.5557164924, 0.023645932745),
  (-0.09254265063, -0.88602610287, 0.45430562713, -0.11226106227, 0.46263881198, 0.87941047501, -0.98936005161, 0.030382144054, -0.14228005345, 0.023694711384),
  (-0.043972672943, -0.32255375841, 0.94552920471, -0.59625128228, -0.7509243058, -0.28389627566, 0.80159267238, -0.57625667882, -0.15930294315, 0.024037531687),
  (0.32445938574, -0.63946334277, -0.6970026831, -0.48941692342, -0.744057611, 0.4548069333, -0.80944251313, 0.19355853057, -0.55438065729, 0.023345438897),
  (-0.69648838488, -0.15019354455, 0.70167359143, 0.26913322454, -0.96114304885, 0.061411294488, 0.66518511497, 0.23161592955, 0.70984704268, 0.023705253398),
  (0.64563173475, -0.14102075434, 0.75051502978, -0.72427459086, 0.19842823956, 0.6603427525, -0.2420454092, -0.96991720296, 0.025973819379, 0.022325884605),
  (-0.28893159494, 0.9455685724, 0.14972844865, 0.10512397519, 0.18678950429, -0.97675924922, -0.95156055156, -0.26647655802, -0.15337131654, 0.025815141001),
  (0.74976879181, 0.44673054386, -0.48813786988, 0.37570183205, -0.89466591766, -0.24170442522, -0.54469706464, -0.0021718571364, -0.83863006792, 0.021179813997),
  (0.88982161077, 0.45605295345, -0.015271039435, 0.098925721192, -0.22547195788, -0.96921416513, -0.4454561737, 0.86091701101, -0.24574518807, 0.022324031879),
  (0.15615348158, 0.86665615199, 0.4738387958, -0.33594642439, -0.40452334487, 0.85058853942, 0.92884664511, -0.29200681101, 0.22798230675, 0.024224284634),
  (-0.83295818299, -0.33322773248, -0.44174646993, -0.50087941757, 0.11478564453, 0.8578718231, -0.23516052909, 0.93583306958, -0.26251855446, 0.024807415643),
  (0.42603178253, 0.89498438194, -0.13228709824, -0.81982022528, 0.32006978093, -0.47481589438, -0.38261170721, 0.31073830054, 0.87008619693, 0.021265985154),
  (-0.79804455805, 0.54971976775, -0.24684622808, -0.59208798782, -0.63914305606, 0.49084413878, 0.11205667337, 0.53787018029, 0.83554710885, 0.023506460131),
  (0.24876421737, -0.24899253115, -0.93601233089, 0.70961154242, 0.70459215743, 0.0011621377697, 0.65921758398, -0.66449425214, 0.35196529069, 0.022517992557),
  (0.46625526132, 0.37675533248, 0.80041329995, 0.6105821689, -0.79177017687, 0.017011820656, 0.64015267422, 0.48078623782, -0.59920709877, 0.025311246627),
  (0.59051846522, -0.76902570335, 0.24471904263, 0.72852991775, 0.63843303298, 0.24828898755, -0.3471773339, 0.031665912142, 0.93726472719, 0.02321552339),
  (0.69462529971, -0.55618329125, -0.45624098845, 0.45564777144, -0.15061167203, 0.87732618371, -0.55666938248, -0.81729815293, 0.14880499934, 0.024414738418),
  (0.32762553051, 0.20233342953, 0.92288823541, -0.20761018092, 0.96834332618, -0.13859731393, -0.92171553341, -0.14619297502, 0.35926047586, 0.023982364063),
  (-0.33796496007, -0.8866678743, -0.31559430676, 0.91107331222, -0.22411323295, -0.34600387075, 0.23606165618, -0.40446673474, 0.8835618569, 0.022136517237),
  (-0.14026548798, 0.1887932803, -0.97194788451, 0.83635915143, -0.50281198749, -0.21836546215, -0.52993297945, -0.84352664602, -0.087371818918, 0.024143437224),
  (-0.68166446331, -0.12285336541, 0.72127706886, -0.67687657666, 0.48017559911, -0.55791531076, -0.27779787512, -0.86852659408, -0.41047520748, 0.024006566205),
  (-0.99064623871, 0.131624328, -0.035987025578, -0.058308364721, -0.64676220639, -0.76045958669, -0.12337003014, -0.75124808464, 0.64838734642, 0.024993432261),
  (0.96063316436, -0.088852910874, 0.26322819713, -0.22355748991, -0.80974418881, 0.5425277849, 0.16494233004, -0.58001681778, -0.79773085615, 0.021698093273),
  (-0.87040262729, 0.053933784507, 0.48937757743, 0.16620687074, 0.96781841444, 0.18895182662, -0.46343774395, 0.24580208208, -0.85135585622, 0.025711320174),
  (-0.67807582818, 0.63908454169, 0.36302082559, 0.46441138486, -0.010281201479, 0.88555991469, 0.56967994247, 0.7690677769, -0.28982670284, 0.023755282714),
  (0.48564012796, -0.50793132185, -0.71144883048, -0.14148882043, 0.75746214298, -0.63736333095, 0.86263235495, 0.41019126542, 0.29598740846, 0.021910433352),
  (-0.55434447979, -0.63048056233, -0.54331984895, -0.64779008792, 0.73671300667, -0.19396377958, 0.52256119233, 0.24443446223, -0.81681184734, 0.022385751485),
  (-0.59267609859, -0.63064079742, -0.50102617375, 0.35433906393, -0.76277298414, 0.5409447314, -0.72331104646, 0.14307186755, 0.67553798619, 0.02432482138),
  (-0.46589827919, -0.88481825836, 0.0059534124914, -0.076086994963, 0.033358227024, -0.9965430236, 0.88156086724, -0.4647406571, -0.082864702934, 0.023214378898),
  (-0.53521068485, -0.49954395963, 0.68117938549, 0.7976955758, -0.033592084308, 0.60212402395, -0.27790518376, 0.86563699336, 0.41646284896, 0.022568030146),
  (-0.20930507754, 0.52964098304, -0.82199258732, -0.38330152522, -0.81777768705, -0.42932458038, -0.89959508963, 0.22521119786, 0.37417721882, 0.023141052808),
  (0.72969368207, -0.68361640768, 0.014688005405, -0.48743098618, -0.53510959958, -0.68997735481, 0.47953953337, 0.49631272762, -0.72368191379, 0.024767783161),
  (0.99875324377, -0.018418732222, 0.046397288256, 0.044325946564, 0.75470715742, -0.65456269143, -0.022960150596, 0.65580321503, 0.75458264931, 0.018240354571),
  (-0.51439284233, 0.50177491738, -0.69542931779, 0.20478487602, 0.85935782054, 0.46858007941, 0.83274435351, 0.098620832286, -0.54480342614, 0.020792822798),
  (0.28029767287, -0.068766044364, -0.95744683702, -0.95824664267, -0.078793169883, -0.2748727127, -0.056538362128, 0.99451639882, -0.087980373298, 0.023433450896),
  (-0.22057959423, 0.75580088951, 0.61653033828, -0.97529449931, -0.1630999512, -0.14899344121, -0.012053307309, -0.63416356039, 0.77310497117, 0.022851655459),
  (-0.12593252065, 0.99167951573, 0.026697159414, 0.9853424194, 0.1281587295, -0.11258621844, -0.11507092061, 0.01212757737, -0.99328324515, 0.023060901755),
  (0.02889019735, 0.68858457246, -0.72458032202, -0.66363463535, 0.55528828727, 0.50124244512, 0.74749878078, 0.46637560462, 0.47301095986, 0.022534131946)
]

_SO3_QUAD_DATA[5] = NTuple{10, Float64}[
  (1.0, 0.0, 0.0, 0.0, 1.0, 0.0, 0.0, 0.0, 1.0, 0.001666666666666),
  (0.8090169943749475, 0.3090169943749474, 0.5, 0.3090169943749474, 0.5, -0.8090169943749475, -0.5, 0.8090169943749475, 0.3090169943749474, 0.001666666666666),
  (0.8090169943749475, -0.3090169943749474, -0.5, -0.3090169943749474, 0.5, -0.8090169943749475, 0.5, 0.8090169943749475, 0.3090169943749474, 0.001666666666666),
  (0.8090169943749475, -0.3090169943749474, 0.5, -0.3090169943749474, 0.5, 0.8090169943749475, -0.5, -0.8090169943749475, 0.3090169943749474, 0.001666666666666),
  (0.8090169943749475, 0.3090169943749474, -0.5, 0.3090169943749474, 0.5, 0.8090169943749475, 0.5, -0.8090169943749475, 0.3090169943749474, 0.001666666666666),
  (0.3090169943749474, -0.5, 0.8090169943749475, 0.5, 0.8090169943749475, 0.3090169943749474, -0.8090169943749475, 0.3090169943749474, 0.5, 0.001666666666666),
  (0.3090169943749474, 0.5, 0.8090169943749475, -0.5, 0.8090169943749475, -0.3090169943749474, -0.8090169943749475, -0.3090169943749474, 0.5, 0.001666666666666),
  (0.3090169943749474, -0.5, -0.8090169943749475, 0.5, 0.8090169943749475, -0.3090169943749474, 0.8090169943749475, -0.3090169943749474, 0.5, 0.001666666666666),
  (0.3090169943749474, 0.5, -0.8090169943749475, -0.5, 0.8090169943749475, 0.3090169943749474, 0.8090169943749475, 0.3090169943749474, 0.5, 0.001666666666666),
  (0.5, -0.8090169943749475, 0.3090169943749474, 0.8090169943749475, 0.3090169943749474, -0.5, 0.3090169943749474, 0.5, 0.8090169943749475, 0.001666666666666),
  (0.5, -0.8090169943749475, -0.3090169943749474, 0.8090169943749475, 0.3090169943749474, 0.5, -0.3090169943749474, -0.5, 0.8090169943749475, 0.001666666666666),
  (0.5, 0.8090169943749475, -0.3090169943749474, -0.8090169943749475, 0.3090169943749474, -0.5, -0.3090169943749474, 0.5, 0.8090169943749475, 0.001666666666666),
  (0.5, 0.8090169943749475, 0.3090169943749474, -0.8090169943749475, 0.3090169943749474, 0.5, 0.3090169943749474, -0.5, 0.8090169943749475, 0.001666666666666),
  (0.5, 0.8090169943749475, 0.3090169943749474, 0.8090169943749475, -0.3090169943749474, -0.5, -0.3090169943749474, 0.5, -0.8090169943749475, 0.001666666666666),
  (0.5, -0.8090169943749475, -0.3090169943749474, -0.8090169943749475, -0.3090169943749474, -0.5, 0.3090169943749474, 0.5, -0.8090169943749475, 0.001666666666666),
  (0.5, -0.8090169943749475, 0.3090169943749474, -0.8090169943749475, -0.3090169943749474, 0.5, -0.3090169943749474, -0.5, -0.8090169943749475, 0.001666666666666),
  (0.5, 0.8090169943749475, -0.3090169943749474, 0.8090169943749475, -0.3090169943749474, 0.5, 0.3090169943749474, -0.5, -0.8090169943749475, 0.001666666666666),
  (-0.8090169943749475, -0.3090169943749474, 0.5, 0.3090169943749474, 0.5, 0.8090169943749475, -0.5, 0.8090169943749475, -0.3090169943749474, 0.001666666666666),
  (-0.8090169943749475, 0.3090169943749474, 0.5, -0.3090169943749474, 0.5, -0.8090169943749475, -0.5, -0.8090169943749475, -0.3090169943749474, 0.001666666666666),
  (-0.8090169943749475, -0.3090169943749474, -0.5, 0.3090169943749474, 0.5, -0.8090169943749475, 0.5, -0.8090169943749475, -0.3090169943749474, 0.001666666666666),
  (-0.8090169943749475, 0.3090169943749474, -0.5, -0.3090169943749474, 0.5, 0.8090169943749475, 0.5, 0.8090169943749475, -0.3090169943749474, 0.001666666666666),
  (-0.3090169943749474, -0.5, 0.8090169943749475, 0.5, -0.8090169943749475, -0.3090169943749474, 0.8090169943749475, 0.3090169943749474, 0.5, 0.001666666666666),
  (-0.3090169943749474, -0.5, -0.8090169943749475, 0.5, -0.8090169943749475, 0.3090169943749474, -0.8090169943749475, -0.3090169943749474, 0.5, 0.001666666666666),
  (-0.3090169943749474, 0.5, -0.8090169943749475, -0.5, -0.8090169943749475, -0.3090169943749474, -0.8090169943749475, 0.3090169943749474, 0.5, 0.001666666666666),
  (-0.3090169943749474, 0.5, 0.8090169943749475, -0.5, -0.8090169943749475, 0.3090169943749474, 0.8090169943749475, -0.3090169943749474, 0.5, 0.001666666666666),
  (-0.3090169943749474, 0.5, 0.8090169943749475, 0.5, 0.8090169943749475, -0.3090169943749474, -0.8090169943749475, 0.3090169943749474, -0.5, 0.001666666666666),
  (-0.3090169943749474, -0.5, -0.8090169943749475, -0.5, 0.8090169943749475, -0.3090169943749474, 0.8090169943749475, 0.3090169943749474, -0.5, 0.001666666666666),
  (-0.3090169943749474, -0.5, 0.8090169943749475, -0.5, 0.8090169943749475, 0.3090169943749474, -0.8090169943749475, -0.3090169943749474, -0.5, 0.001666666666666),
  (-0.3090169943749474, 0.5, -0.8090169943749475, 0.5, 0.8090169943749475, 0.3090169943749474, 0.8090169943749475, -0.3090169943749474, -0.5, 0.001666666666666),
  (-0.5, -0.8090169943749475, 0.3090169943749474, 0.8090169943749475, -0.3090169943749474, 0.5, -0.3090169943749474, 0.5, 0.8090169943749475, 0.001666666666666),
  (-0.5, 0.8090169943749475, 0.3090169943749474, -0.8090169943749475, -0.3090169943749474, -0.5, -0.3090169943749474, -0.5, 0.8090169943749475, 0.001666666666666),
  (-0.5, -0.8090169943749475, -0.3090169943749474, 0.8090169943749475, -0.3090169943749474, -0.5, 0.3090169943749474, -0.5, 0.8090169943749475, 0.001666666666666),
  (-0.5, 0.8090169943749475, -0.3090169943749474, -0.8090169943749475, -0.3090169943749474, 0.5, 0.3090169943749474, 0.5, 0.8090169943749475, 0.001666666666666),
  (0.8090169943749475, -0.3090169943749474, 0.5, 0.3090169943749474, -0.5, -0.8090169943749475, 0.5, 0.8090169943749475, -0.3090169943749474, 0.001666666666666),
  (0.8090169943749475, -0.3090169943749474, -0.5, 0.3090169943749474, -0.5, 0.8090169943749475, -0.5, -0.8090169943749475, -0.3090169943749474, 0.001666666666666),
  (0.8090169943749475, 0.3090169943749474, -0.5, -0.3090169943749474, -0.5, -0.8090169943749475, -0.5, 0.8090169943749475, -0.3090169943749474, 0.001666666666666),
  (0.8090169943749475, 0.3090169943749474, 0.5, -0.3090169943749474, -0.5, 0.8090169943749475, 0.5, -0.8090169943749475, -0.3090169943749474, 0.001666666666666),
  (0.0, 0.0, 1.0, 1.0, 0.0, 0.0, 0.0, 1.0, 0.0, 0.001666666666666),
  (0.0, 0.0, -1.0, 1.0, 0.0, 0.0, 0.0, -1.0, 0.0, 0.001666666666666),
  (0.0, 0.0, 1.0, -1.0, 0.0, 0.0, 0.0, -1.0, 0.0, 0.001666666666666),
  (0.0, 0.0, -1.0, -1.0, 0.0, 0.0, 0.0, 1.0, 0.0, 0.001666666666666),
  (0.0, 1.0, 0.0, 0.0, 0.0, 1.0, 1.0, 0.0, 0.0, 0.001666666666666),
  (0.0, 1.0, 0.0, 0.0, 0.0, -1.0, -1.0, 0.0, 0.0, 0.001666666666666),
  (0.0, -1.0, 0.0, 0.0, 0.0, -1.0, 1.0, 0.0, 0.0, 0.001666666666666),
  (0.0, -1.0, 0.0, 0.0, 0.0, 1.0, -1.0, 0.0, 0.0, 0.001666666666666),
  (0.3090169943749474, 0.5, 0.8090169943749475, 0.5, -0.8090169943749475, 0.3090169943749474, 0.8090169943749475, 0.3090169943749474, -0.5, 0.001666666666666),
  (0.3090169943749474, 0.5, -0.8090169943749475, 0.5, -0.8090169943749475, -0.3090169943749474, -0.8090169943749475, -0.3090169943749474, -0.5, 0.001666666666666),
  (0.3090169943749474, -0.5, 0.8090169943749475, -0.5, -0.8090169943749475, -0.3090169943749474, 0.8090169943749475, -0.3090169943749474, -0.5, 0.001666666666666),
  (0.3090169943749474, -0.5, -0.8090169943749475, -0.5, -0.8090169943749475, 0.3090169943749474, -0.8090169943749475, 0.3090169943749474, -0.5, 0.001666666666666),
  (-0.5, 0.8090169943749475, 0.3090169943749474, 0.8090169943749475, 0.3090169943749474, 0.5, 0.3090169943749474, 0.5, -0.8090169943749475, 0.001666666666666),
  (-0.5, 0.8090169943749475, -0.3090169943749474, 0.8090169943749475, 0.3090169943749474, -0.5, -0.3090169943749474, -0.5, -0.8090169943749475, 0.001666666666666),
  (-0.5, -0.8090169943749475, 0.3090169943749474, -0.8090169943749475, 0.3090169943749474, -0.5, 0.3090169943749474, -0.5, -0.8090169943749475, 0.001666666666666),
  (-0.5, -0.8090169943749475, -0.3090169943749474, -0.8090169943749475, 0.3090169943749474, 0.5, -0.3090169943749474, 0.5, -0.8090169943749475, 0.001666666666666),
  (-0.8090169943749475, 0.3090169943749474, 0.5, 0.3090169943749474, -0.5, 0.8090169943749475, 0.5, 0.8090169943749475, 0.3090169943749474, 0.001666666666666),
  (-0.8090169943749475, 0.3090169943749474, -0.5, 0.3090169943749474, -0.5, -0.8090169943749475, -0.5, -0.8090169943749475, 0.3090169943749474, 0.001666666666666),
  (-0.8090169943749475, -0.3090169943749474, 0.5, -0.3090169943749474, -0.5, -0.8090169943749475, 0.5, -0.8090169943749475, 0.3090169943749474, 0.001666666666666),
  (-0.8090169943749475, -0.3090169943749474, -0.5, -0.3090169943749474, -0.5, 0.8090169943749475, -0.5, 0.8090169943749475, 0.3090169943749474, 0.001666666666666),
  (1.0, 0.0, 0.0, 0.0, -1.0, 0.0, 0.0, 0.0, -1.0, 0.001666666666666),
  (-1.0, 0.0, 0.0, 0.0, 1.0, 0.0, 0.0, 0.0, -1.0, 0.001666666666666),
  (-1.0, 0.0, 0.0, 0.0, -1.0, 0.0, 0.0, 0.0, 1.0, 0.001666666666666)
]

_SO3_QUAD_DATA[6] = NTuple{10, Float64}[
  (0.30816870426, 0.86169744749, -0.40312474334, -0.67090867408, -0.10357434959, -0.73427100253, -0.67447283174, 0.49673923047, 0.54620191885, 0.0090729410377),
  (-0.90764184048, -0.088502700953, 0.41030910462, -0.28304314584, 0.8508855524, -0.44258372577, -0.30995623401, -0.51784268716, -0.79734941171, 0.0087855876801),
  (0.0092528841725, -0.028843457706, 0.99954111425, 0.88567507026, -0.46380368576, -0.021582654807, 0.46421337125, 0.8854683484, 0.021254409648, 0.0088118205875),
  (-0.63808304608, 0.71900648815, 0.27546269493, -0.35926695972, -0.59445048378, 0.71941356256, 0.68101195141, 0.36008095246, 0.63762405045, 0.0087524845321),
  (0.94758361725, -0.23765787374, -0.21355098542, -0.30900757103, -0.85161315356, -0.42340212297, -0.081237979855, 0.46719778653, -0.88041275484, 0.0088438559194),
  (0.36853069891, 0.41442381439, 0.83212861147, -0.92347752758, 0.26590125908, 0.2765606199, -0.1066507385, -0.87037315129, 0.48070385633, 0.0066761357577),
  (0.76294702712, -0.6252941613, -0.16407024609, 0.47656598424, 0.71550959239, -0.51081394447, 0.43680281189, 0.31153368203, 0.84388984381, 0.0086380935811),
  (-0.29999732949, -0.65210278322, 0.69624964088, 0.70489663476, -0.64330646719, -0.29879344635, 0.64274593473, 0.40114679283, 0.6526552796, 0.0080605409623),
  (-0.8282841695, 0.31558783838, -0.46297910408, 0.13643958307, -0.687819202, -0.71294388667, -0.54344233799, -0.653688811, 0.5266510834, 0.0076636232825),
  (-0.41419608137, -0.64617887446, -0.64101050567, -0.66085482554, -0.27076685817, 0.69996871936, -0.62586939991, 0.71353918653, -0.31487985573, 0.0072202695603),
  (0.48676216043, 0.66832151818, -0.56250239778, -0.050451113114, 0.66437211449, 0.7456972433, 0.87207642117, -0.33459832908, 0.35710877029, 0.0085597535836),
  (-0.15326520072, 0.98742993229, 0.038625212955, 0.037211475667, -0.033292297354, 0.99875268661, 0.98748421979, 0.15451133215, -0.031641174262, 0.0090728894699),
  (-0.087844633828, 0.48833806706, -0.86822189132, 0.99544854567, 0.010701939749, -0.094697737111, -0.036952851526, -0.87258890707, -0.48705552663, 0.0088669156928),
  (-0.81446610838, -0.33380949191, -0.47456946954, -0.067851811273, -0.75751582407, 0.6492810701, -0.57623006691, 0.56101782449, 0.59432138662, 0.0087052204122),
  (0.41010819039, 0.32072804537, -0.85378263808, -0.30920561019, -0.83179226908, -0.46099187816, -0.85802282184, 0.45305092652, -0.24195391128, 0.0086401072622),
  (0.57926215822, -0.1819775137, 0.79456877396, -0.81484104797, -0.10281577652, 0.57049363067, -0.022122807001, -0.97791262422, -0.20784003658, 0.0079652463639),
  (-0.035742994566, 0.050761594759, -0.99807098888, 0.66659361612, 0.74528922132, 0.014033087414, 0.74456389201, -0.66480616505, -0.060476223598, 0.0092075668327),
  (0.48942148274, 0.56940199697, -0.66049071007, -0.85219645342, 0.47297782787, -0.22372567828, 0.18500761339, 0.67236399383, 0.71672787221, 0.0091675715915),
  (0.76346562836, 0.22315576109, -0.60607073894, 0.56629465555, 0.21989872631, 0.79432670436, 0.31053276381, -0.94965575682, 0.041513204401, 0.0088888043476),
  (0.79604130196, -0.30317454781, -0.52383531681, 0.50366250664, 0.81176532467, 0.29556917475, 0.33562229512, -0.49912147942, 0.79889637864, 0.0090844467802),
  (0.4817396346, -0.090822411191, 0.87159521229, -0.53072613944, -0.82169595307, 0.2077150106, 0.69732108054, -0.56264291548, -0.44404533585, 0.0085197847054),
  (0.5606152533, -0.26320032277, 0.78513446483, 0.23784562467, -0.85700967962, -0.45712565872, 0.79318345708, 0.44301241419, -0.41785165344, 0.0089690561596),
  (-0.054210219001, -0.98465600368, -0.16587286265, -0.35307850387, 0.1742878384, -0.919216688, 0.9340218532, 0.0087352042108, -0.3571090505, 0.0088204832497),
  (-0.84867222395, -0.082173316943, 0.52249689212, 0.4412128208, -0.65478536247, 0.61366715397, 0.29169625135, 0.75133459596, 0.59195407074, 0.0090507097661),
  (-0.50388802275, 0.8612925239, 0.065360911854, -0.54722864096, -0.25976944083, -0.79565108692, -0.66830956528, -0.43668641595, 0.60221864724, 0.0083786643184),
  (0.99230817531, 0.05300017092, -0.11187254841, -0.12191046307, 0.57535565431, -0.80876678347, 0.021501725533, 0.81618432534, 0.57739139487, 0.0089726168733),
  (-0.79847958766, 0.21160417286, 0.56360803943, 0.50675397904, 0.74165856117, 0.43948035607, -0.32500885035, 0.6365267101, -0.69943047869, 0.0079202011706),
  (0.22866861418, -0.76996186504, 0.59570914989, 0.97268571776, 0.2057952642, -0.1073815799, -0.039914400362, 0.6039925791, 0.79598982722, 0.0085785525526),
  (0.31821812268, -0.90801496331, -0.27248128889, -0.19651779439, -0.34436013846, 0.91803967862, -0.92742545948, -0.23858944117, -0.28802273465, 0.008319748196),
  (-0.65139652167, -0.64268737591, 0.40328092988, -0.55851375635, 0.046395764903, -0.82819672601, 0.51356105336, -0.76472241359, -0.38917178036, 0.0082214753253),
  (-0.65133517714, -0.5844547442, 0.4839164587, -0.26766059221, 0.77372103554, 0.5742069022, -0.71001429169, 0.24447578844, -0.66038723069, 0.0092100944167),
  (0.66224065427, 0.68833493203, 0.2960275953, -0.014419328972, -0.3832962963, 0.92351287603, 0.74915245363, -0.61585629053, -0.24390906222, 0.0095526574832),
  (-0.42411286483, -0.41618232303, -0.80431371484, -0.30986533946, 0.90122802742, -0.30293813559, 0.85094755966, 0.12074898173, -0.51118287738, 0.0088858523485),
  (-0.61937433753, 0.6464200258, 0.44555199501, 0.48190958541, 0.76105127889, -0.43423968312, -0.61978914278, -0.054241138871, -0.78289163832, 0.0087554004063),
  (0.68092149179, 0.61918592806, -0.39109424505, 0.48220812488, -0.78098519586, -0.39690987409, -0.55119982431, 0.081675641015, -0.83036608995, 0.0083693067616),
  (0.84887850141, -0.52852224811, 0.0083380511394, -0.18097145899, -0.30541331289, -0.93486471713, 0.4966433538, 0.79207761082, -0.3549062377, 0.0087058292823),
  (-0.95184989507, 0.18090853771, 0.24749520852, -0.21957694409, 0.16106283467, -0.96220825652, -0.21393396851, -0.97022206957, -0.11358429841, 0.0079731763769),
  (-0.45744279162, -0.88906033408, 0.017827359996, 0.023680231564, 0.0078616246201, 0.99968867228, -0.88892369696, 0.45772253302, 0.017456911073, 0.007643384507),
  (0.7104508765, 0.57967200607, -0.39904876576, 0.70204239945, -0.54433670138, 0.45916666354, 0.048949172132, -0.60636451158, -0.79367881265, 0.0088088817563),
  (-0.6902299542, 0.67004002634, -0.27318304015, 0.47668158991, 0.13701600614, -0.86833246853, -0.54438706098, -0.7295704059, -0.41396829671, 0.0089409128623),
  (-0.75866222872, -0.39905752834, -0.51496088375, -0.65141121816, 0.47648461561, 0.59044545552, 0.009749234642, 0.78339996181, -0.62144143108, 0.0088462726392),
  (-0.29664561206, -0.26800387243, 0.91661077083, -0.66092716604, 0.7504297728, 0.0055169997573, -0.6893305898, -0.60417636536, -0.39974273915, 0.0079099826107),
  (0.66855011771, -0.73485231378, 0.11416136402, -0.7110723109, -0.58672072961, 0.38747252048, -0.21775423941, -0.3402217841, -0.91478534577, 0.0088552207201),
  (0.62433885259, -0.014762155409, -0.78101413298, -0.77434894266, -0.14337763234, -0.61630071357, -0.1028820303, 0.98955794844, -0.10094728589, 0.0088195542926),
  (-0.97708197498, 0.18762431848, -0.10053819816, -0.19582540614, -0.97745026821, 0.079015083951, -0.083445937484, 0.096892147768, 0.99179064687, 0.0086835474255),
  (-0.84261269317, 0.48321365813, -0.23771497618, 0.026604660069, 0.47823631034, 0.8778281287, 0.5378624744, 0.73334479753, -0.41582372055, 0.0077687936442),
  (-0.018227008732, -0.91286058367, -0.40786435359, 0.60921671569, -0.33359994119, 0.71942065064, -0.79279427942, -0.23536489546, 0.56221045571, 0.0072492908026),
  (0.46668470658, -0.88414944602, -0.022025933521, 0.78352537902, 0.40176360167, 0.47399787848, -0.41023574329, -0.23846543875, 0.88025045836, 0.0075929745304),
  (-0.98535370322, -0.03100899066, -0.16767982005, -0.065797205356, 0.97631613497, 0.20610078206, 0.1573175366, 0.2141150324, -0.96405702403, 0.0081942415728),
  (0.53955186965, -0.52603478785, -0.65739727861, -0.39086054746, 0.53507362306, -0.7489487635, 0.74572904758, 0.66104736583, 0.083093728559, 0.008536192882),
  (0.00074863200012, 0.96157934072, -0.2745261573, 0.1441997632, -0.27176085365, -0.95150011388, -0.98954831506, -0.038874283443, -0.13886296211, 0.0089511106397),
  (-0.62489061482, -0.0012238933166, 0.78071135613, -0.070425583005, -0.99583346121, -0.057930603194, 0.77752939286, -0.091182342661, 0.62220079044, 0.0085323694267),
  (-0.10221392253, -0.69656279243, 0.71017785818, -0.9944898002, 0.054840117273, -0.089345390648, 0.023288437774, -0.71539697912, -0.69833001577, 0.0084959824606),
  (0.41417822516, -0.22195275782, -0.88271930482, 0.73477100254, -0.49083783517, 0.46817709619, -0.53718523029, -0.84250530732, -0.040209893032, 0.0078891755677),
  (-0.069052878751, 0.40191504695, -0.91306954553, 0.57063334046, -0.73482855805, -0.36661230343, -0.81829657869, -0.54634355977, -0.1786040985, 0.0093718728886),
  (-0.25056141765, 0.65635447352, -0.71163036829, -0.66756953002, 0.41521999322, 0.61801559836, 0.70112045939, 0.62991361496, 0.33412413728, 0.0084762121665),
  (0.35445593259, -0.89890317415, 0.25755402416, 0.44328112953, -0.080986629007, -0.8927166438, 0.82332425693, 0.43059754926, 0.36976062326, 0.0089504992097),
  (-0.15894769245, -0.98604325767, 0.049541145135, -0.85726015926, 0.1627311313, 0.4884911445, -0.48973528606, 0.035174890232, -0.87116133792, 0.0084189786782),
  (0.75394056816, -0.18680969825, -0.62982200368, 0.083053566441, -0.92391998706, 0.37346213008, -0.65167148532, -0.33387721417, -0.6810655483, 0.0086754008874),
  (0.42924526342, 0.13041424619, 0.89372290349, 0.65729702408, 0.63354666511, -0.4081412075, -0.61944259296, 0.76263408494, 0.18622600923, 0.0075058496457),
  (0.98687269046, -0.14765387855, 0.065426485246, -0.1213216829, -0.41039578298, 0.90380105696, -0.10659897786, -0.89987423202, -0.42292200754, 0.0086818014256),
  (0.26597716484, 0.90131132814, 0.3418977004, -0.90847768158, 0.35297736652, -0.2237750674, -0.32237315311, -0.25108737221, 0.91270514498, 0.0090184845908),
  (-0.5972303053, -0.79920121513, -0.067774480176, -0.76426520944, 0.59268163984, -0.25421873149, 0.24334060917, -0.10002945334, -0.96476912077, 0.0087085335387),
  (-0.41074776031, 0.43087369471, -0.80351361943, 0.064207429541, 0.89276988984, 0.44591403857, 0.90948539482, 0.13156664853, -0.39436852512, 0.0083882256111),
  (0.0078098632299, 0.41883290871, 0.90802973553, 0.18379269063, -0.89318897229, 0.41040675755, 0.98293400232, 0.16368400762, -0.083954110929, 0.0095358200038),
  (-0.095296089274, -0.37182746933, -0.92339752459, -0.025298408793, -0.92641490258, 0.37565332261, -0.99512745208, 0.059158780622, 0.078877073942, 0.0086401527277),
  (-0.53406963123, -0.82210819621, 0.19725045683, 0.75538493757, -0.35923168337, 0.5480384966, -0.37968832624, 0.4416907418, 0.81286288114, 0.0086680270515),
  (0.47396230455, 0.0522142915, -0.87899567782, -0.1931205984, 0.98010025123, -0.045912220815, 0.85910661058, 0.19151283327, 0.47461422898, 0.0092218429723),
  (-0.58901527523, 0.56271943952, 0.58000675679, 0.60487897428, -0.16895025658, 0.77818843301, 0.53589404925, 0.80919876618, -0.2408628755, 0.0088455667334),
  (-0.25860542705, 0.71821075926, 0.64598493665, -0.26701029596, 0.58953167644, -0.76233713298, -0.92834731375, -0.36962914895, 0.039313576449, 0.0095811260545),
  (0.75858357601, -0.18070867783, 0.62601544068, 0.64305507456, 0.052765853717, -0.76399995796, 0.1050291831, 0.98212022606, 0.1562329423, 0.0090591830752),
  (0.098647354636, -0.76356182316, 0.63815518617, 0.34483574442, 0.62777885549, 0.69784096897, -0.93346505494, 0.15121855314, 0.32523213309, 0.0095111575645),
  (0.077026567551, 0.68687554674, 0.72268173574, -0.71182137324, -0.46964717949, 0.52224693335, 0.69812408674, -0.55464719424, 0.45275738473, 0.0087761806386),
  (-0.050086850007, 0.59674605838, 0.80086543768, 0.98424733107, 0.16562359172, -0.061854807012, -0.16955382255, 0.78515155714, -0.59564127928, 0.0087166067026),
  (0.10042786674, 0.87553394749, -0.47260401012, 0.69718120928, 0.27695807687, 0.66123565019, 0.7098257568, -0.39589712104, -0.58259150744, 0.0085642443708),
  (0.32535097086, 0.83887755221, 0.43638423226, 0.75609323911, -0.50793366291, 0.41270620042, 0.56786420871, 0.19567280468, -0.79952635602, 0.0094820182801),
  (0.88128029899, 0.46601627548, -0.078573949847, 0.031556124209, -0.22391594664, -0.97409745912, -0.47153923022, 0.8559734107, -0.21203837988, 0.0090485701949),
  (0.91162538032, -0.28346946599, 0.29763102628, -0.027497054842, 0.68044102114, 0.73228678038, -0.41010130203, -0.67575519133, 0.61251272923, 0.0074431996717),
  (0.0094219283301, -0.72431746437, -0.68940223242, 0.45703869138, 0.61632597313, -0.64129394931, 0.88939690906, -0.30904126851, 0.33684808521, 0.0091873779807),
  (-0.12915880163, -0.66835511157, 0.73254313785, -0.13294545543, -0.72039052659, -0.68070771633, 0.98267161852, -0.18530767399, 0.0041900024203, 0.0081993522386),
  (0.88110985338, 0.42397945213, 0.20949188635, -0.38466181207, 0.38483942561, 0.83900769176, 0.27510128427, -0.81984147289, 0.50217451421, 0.0082542410645),
  (0.93706100258, 0.12785614501, 0.32491457898, 0.062816235605, -0.97709324997, 0.20332953895, 0.34346877295, -0.17012227088, -0.92362742216, 0.0090014516927),
  (0.027193248572, 0.99227446632, -0.12104507725, 0.94836555058, -0.063888793699, -0.31067829746, -0.31601156578, -0.10634662916, -0.94277626442, 0.009381384362),
  (-0.074320852359, -0.96946901729, -0.23367977111, 0.95892854478, -0.0051539432487, -0.28360092184, 0.27373793472, -0.2451596651, 0.93003455941, 0.0087115590959),
  (0.77079045918, -0.59110671274, -0.23764452905, 0.32770506142, 0.0479774635, 0.94356110333, -0.54634372034, -0.80516521109, 0.23068923272, 0.0069078237413),
  (-0.39959898902, 0.26389495569, 0.87788387634, -0.8792848875, 0.16043282038, -0.44846337282, -0.25918860814, -0.95111553584, 0.1679300536, 0.0083564777378),
  (0.37405696983, -0.71261235823, 0.59351917426, -0.48245127331, 0.39704139477, 0.78076814722, -0.7920367114, -0.57839584865, -0.19528463858, 0.0090021545186),
  (0.27961195218, 0.84342037654, 0.45875835103, 0.53639947614, 0.25906405868, -0.80321940682, -0.79629941492, 0.47066748553, -0.37997284095, 0.0082223593172),
  (-0.15203869702, -0.12624708374, -0.98027848515, -0.86715115414, 0.49295736011, 0.071006457378, 0.47427113604, 0.86084534904, -0.18442389909, 0.0083575699332),
  (-0.53474569497, -0.44398895166, -0.71897208049, 0.64414902996, -0.76487011706, -0.0067624868769, -0.54691778991, -0.46674137896, 0.69500605483, 0.0086239192811),
  (-0.45833028716, 0.45030268143, -0.76626421225, -0.37475109897, -0.87967649385, -0.29279836065, -0.80591250251, 0.15295999892, 0.57193380477, 0.008552892443),
  (-0.81229353826, -0.58311059857, 0.012697934096, 0.56567511204, -0.79293578818, -0.22641665895, 0.14209459991, -0.17673388373, 0.97394777017, 0.007687913557),
  (-0.35616177705, -0.32167782553, 0.8773096176, 0.84131604124, 0.29816063604, 0.45087421069, -0.40661542927, 0.89867881453, 0.16443929275, 0.0091488314498),
  (-0.5082104439, 0.86071033274, 0.029997797166, 0.79691883937, 0.45676630966, 0.39532885275, 0.32656164528, 0.22481606144, -0.91804968839, 0.0081345771663),
  (0.74998744723, 0.46306365342, 0.47232497487, 0.65964791114, -0.57631722631, -0.48241381405, 0.048820716237, 0.67337248796, -0.73768965706, 0.0087945618791),
  (0.13014211202, -0.5021474618, -0.85493330576, 0.99088174079, 0.096201535649, 0.094332604681, 0.034877018886, -0.85941444667, 0.51008862211, 0.0080799151462),
  (-0.68340270709, -0.20971072147, -0.69927258865, 0.72517138339, -0.084547799724, -0.68335798399, 0.084185537068, -0.97410116665, 0.20985640921, 0.0096216151226),
  (-0.3064038326, -0.11563637182, 0.94485179837, -0.76314836449, -0.56344646373, -0.3164374445, 0.56896508253, -0.81801975038, 0.084394447927, 0.0077521546164),
  (-0.94297687061, -0.26157011695, 0.20585357759, 0.17056249185, 0.1513669792, 0.97365110485, -0.28583746756, 0.95324137107, -0.098121509422, 0.0083821634524),
  (-0.58414435318, 0.66849451448, 0.46031560778, -0.80055871455, -0.56797744677, -0.1910690046, 0.13372030215, -0.48012155135, 0.86694992746, 0.0083856712813),
  (-0.95803541158, -0.09065200444, 0.27193816254, -0.15896387143, -0.62141993361, -0.76718169536, 0.23853435336, -0.77821557438, 0.58093190828, 0.0083594582579),
  (0.40073712101, -0.84467415946, 0.35487367356, -0.70995078339, -0.53111987649, -0.46247330947, 0.57911971562, -0.066612619965, -0.81251653143, 0.0092215649756),
  (0.92554681895, 0.37447753881, -0.055943353967, -0.37057598804, 0.92622769761, 0.069106362005, 0.077695064301, -0.043229909853, 0.99603948309, 0.0097399476683),
  (-0.87632251297, 0.28322401701, -0.38967038565, -0.45984752791, -0.25082050607, 0.85183879039, 0.14352388072, 0.92567447298, 0.35003952025, 0.0086155258193),
  (-0.38608684511, 0.84345699439, -0.37352007528, -0.92107524294, -0.374686953, 0.10597209109, -0.050570197456, 0.3849545244, 0.92154905961, 0.0090665788218),
  (0.62983090146, 0.65402426945, 0.41900511994, -0.20647919206, 0.66101462445, -0.72140557906, -0.74878526883, 0.36784768754, 0.55136983955, 0.0090323046991),
  (0.79322680347, -0.29492253909, 0.53274002497, 0.38178647649, 0.92244120182, -0.057804113665, -0.47437361292, 0.24924470933, 0.84430252294, 0.0087793485336),
  (0.47202959336, 0.12820728279, 0.87221038496, -0.41868978308, 0.90327030362, 0.093816971464, -0.77581372025, -0.40946996377, 0.48004939354, 0.0089982727856),
  (0.35334075841, -0.57439399079, -0.73839139471, -0.74286688743, -0.65201917563, 0.15172271476, -0.5685939641, 0.49491669799, -0.65708322611, 0.007900439934),
  (0.23177359312, 0.97134814051, -0.052571774301, -0.79043120321, 0.2195549859, 0.57185148522, 0.56700927199, -0.090985702644, 0.81867092742, 0.0085710029975),
  (-0.83240072018, -0.35173572552, -0.42824177801, 0.15122450525, 0.59925724972, -0.78614368767, 0.53314181045, -0.71914722279, -0.44563110517, 0.0089502989137),
  (-0.1656959637, 0.048817910967, 0.98496784678, 0.22715088258, 0.97380769465, -0.010052381887, -0.95966000446, 0.2220706766, -0.17244503598, 0.0089630646685),
  (-0.59273613971, -0.8053843913, -0.0044554388794, 0.33989309384, -0.2451271429, -0.90795669972, 0.73016200493, -0.53969312212, 0.41904030891, 0.0085679787076),
  (-0.23865910858, 0.14791474997, -0.95977239835, -0.90392027443, -0.39505593637, 0.16388698732, -0.35492248078, 0.90667085201, 0.227986839, 0.0093372262412),
  (-0.76113710889, 0.43404940983, -0.48194544431, 0.59461405832, 0.76375481712, -0.25122241337, 0.25904521443, -0.47778623793, -0.83941401449, 0.0088049571117),
  (0.16521707131, -0.82684844427, -0.53761042545, -0.95656788392, -0.001602565382, -0.29150525766, 0.24016911294, 0.56242251199, -0.79120143782, 0.0094511351328)
]

_SO3_QUAD_DATA[7] = NTuple{10, Float64}[
  (0.42251865376, -0.86624681811, 0.26663540152, -0.89318308551, -0.44792382949, -0.039852461997, 0.15395441852, -0.22131582204, -0.96297317924, 0.0059523809524),
